Cloud free TOA:LANDSAT/LC8_L1T_32DAY_TOA/20161015
TL:  38.011311, -118.457336
TR:  38.011311, -116.542969
BR:  37.037639, -116.542969
BL:  37.037639, -118.457336

